max_epochs, num_train, batch_size, train_acc, train_3_acc, test_acc, test_3_acc, train_loss
 30,  1000,  100, 0.909, 0.250, 0.320, 0.027, 0.060
 30,  1200,   30, 0.937, 0.280, 0.343, 0.026, 0.015
 30, 10000, 2000, 0.668, 0.109, 0.518, 0.079, 
 30, 12000,  900, 0.683, 0.124, 0.531, 0.077, 0.391
# fix ConvNet.accuracy
100, 12000,  900, 0.824, 0.573, 0.530, 0.241, 0.124
# add conv layer
 30,  1200,   30, 0.833, 0.622. 0.455, 0.121, 0.500
 50,  1200,   30, 0.870, 0.693, 0.437, 0.110, 0.053
200, 12000,  900, 